    #Muestra numJDBCCount numHTTPCount     numHTTPQ
           0            0            0            0
           1            0            0            0
           2            0            0            0
           3            0            3            0
           4            0            1            0
           5            0            1            1
           6            0            2            3
           7            0            2            0
           8            0            0            0
           9            0            0            1
          10            0            0            0
          11            1            1            0
          12            1            4            0
          13            0            0            0
          14            1            0            0
          15            1            0            0
          16            0            0            0
          17            0            0            1
          18            3            3            0
          19            0            0            1
          20            0            0            0
          21            0            0            0
          22            0            2            0
          23            1            0            1
          24            0            1            0
          25            0            2            0
          26            0            0            1
          27            0            0            0
          28            0            0            0
          29            0            2            0
          30            1            1            0
          31            1            2            1
          32            1            0            0
          33            3            4            7
          34            0            1            0
          35            0            0            0
          36            1            3            0
          37            0            3            6
          38            2            3            1
          39            1            0            0
          40            0            1            0
          41            1            0            0
          42            1            2            0
          43            1            1            3
          44            0            1            1
          45            0            4            3
          46            0            0            0
          47            1            3            0
          48            1            1            1
          49            0            2            3
          50            0            1            0
          51            0            1            0
          52            0            1            2
          53            0            0            1
          54            0            1            0
          55            0            2            1
          56            1            2            0
          57            2            0            0
          58            0            0            1
          59            0            3            0
          60            0            3            0
          61            0            0            2
          62            1            1            3
          63            1            2            0
          64            0            2            4
          65            0            0            0
          66            1            0            0
          67            2            2            0
          68            0            2            3
          69            1            1            0
          70            0            4            1
          71            0            1            0
          72            1            4            7
          73            0            0            0
          74            0            1            0
          75            1            0            0
          76            1            0            1
          77            1            1            0
          78            0            0            0
          79            0            2            0
          80            2            5            2
          81            1            2            1
          82            0            0            0
          83            0            1            0
          84            0            0            1
          85            0            2            0
          86            1            2            2
          87            2            0            0
          88            1            1            0
          89            0            0            0
          90            0            0            0
          91            1            0            0
          92            1            1            0
          93            3            2            0
          94            0            1            0
          95            0            0            0
          96            0            0            0
          97            1            1            2
          98            0            1            0
          99            0            2            0
         100            0            0            6
         101            0            1            2
         102            1            2            0
         103            0            2            1
         104            0            3            0
         105            0            0            0
         106            0            0            1
         107            2            4            4
         108            1            1            0
         109            2            5            6
         110            0            0            1
         111            4            4            0
         112            0            0            1
         113            2            3            2
         114            2            3            9
         115            2            2            0
         116            1            2            5
         117            0            0            2
         118            1            0            0
         119            0            0            0
         120            1            1            0
         121            0            1            0
         122            2            4            4
         123            1            1            0
         124            0            3            1
         125            0            2            3
         126            1            5            2
         127            1            3            0
         128            1            1            8
         129            0            0            0
         130            0            1            0
         131            1            2            0
         132            0            0            0
         133            2            3            0
         134            1            3            0
         135            1            3            0
         136            0            0            0
         137            0            0            2
         138            1            0            0
         139            0            1            1
         140            2            3            0
         141            0            2            0
         142            0            1            1
         143            0            3            1
         144            2            1            1
         145            0            0            1
         146            0            0            0
         147            0            1            1
         148            0            2            1
         149            0            3            0
         150            1            1            0
         151            0            1            0

TOT.MUESTRAS        MEDIA:
         152     0.559211      1.30263     0.894737
