    #Muestra numJDBCCount numHTTPCount     numHTTPQ
           0            0            0            0
           1            0            0            1
           2            0            3            3
           3            0            0            0
           4            3            0            0
           5            0            0            1
           6            2            1            0
           7            1            4            3
           8            0            3            0
           9            1            3            0
          10            0            0            0
          11            0            2            1
          12            0            2            0
          13            0            0            0
          14            0            0            0
          15            1            0            0
          16            2            4            3
          17            0            0            0
          18            0            2            0
          19            0            1            1
          20            0            0            0
          21            0            0            0
          22            0            2            0
          23            1            5            5
          24            0            0            0
          25            2            4            1
          26            0            3            0
          27            0            1            0
          28            0            4            4
          29            2            1            0
          30            0            5            5
          31            0            0            0
          32            0            2            1
          33            0            0            0
          34            0            4            0
          35            0            0            0
          36            1            4            0
          37            0            3            2
          38            1            0            0
          39            0            0            0
          40            0            0            0
          41            0            1            5
          42            1            2            1
          43            0            5            1
          44            0            0            1
          45            0            2            2
          46            1            5            8
          47            1            1            3
          48            2            0            0
          49            1            2            0
          50            0            3            6
          51            1            1            1
          52            0            0            0
          53            1            0            0
          54            1            2            2
          55            0            3            0
          56            0            0            0
          57            0            1            4
          58            0            0            2
          59            0            3            8
          60            1            2            5
          61            4            5         1408
          62            0            5         1361
          63            1            5         1272
          64            1            5         1240
          65            0            5         1175
          66            1            5         1141
          67            2            5         1096
          68            0            5         1073
          69            2            5         1060
          70            2            5         1057
          71            0            5          235
          72            0            0            0
          73            2            2            0
          74            1            1            0
          75            0            0            0
          76            0            0            0
          77            0            0            0
          78            0            0            0
          79            0            3            0
          80            1            4           10
          81            0            0            0
          82            0            0            0
          83            0            3            0
          84            1            4            2
          85            0            0            0
          86            1            4           15
          87            2            5           16
          88            0            0            1
          89            0            5           57
          90            0            1            0
          91            1            2            0
          92            2            0            0
          93            0            0            1
          94            0            1            0
          95            1            1            2
          96            0            1            0
          97            0            0            0
          98            0            0            1
          99            1            1            0
         100            0            2            2
         101            0            2            0
         102            0            4            5
         103            0            2            1
         104            0            0            2
         105            1            4            0
         106            3            4            0
         107            2            3            2
         108            1            0            0
         109            0            2            1
         110            3            4            0
         111            2            5            6
         112            2            2            4
         113            0            1            1
         114            0            5            7
         115            1            4            9
         116            1            0            2
         117            0            1            0
         118            1            5            1
         119            2            1            0
         120            0            2            3
         121            0            1            0
         122            0            2            4
         123            0            1            0
         124            0            2            1
         125            0            3            1
         126            1            4            1
         127            0            2            3
         128            0            1            0
         129            2            5            1
         130            0            2            1
         131            2            4            6
         132            1            0            1
         133            1            3            2
         134            0            0            0
         135            1            1            1
         136            1            0            0
         137            0            5            1
         138            1            2            1

TOT.MUESTRAS        MEDIA:
         139     0.589928      2.01439      89.0144
