    #Muestra numJDBCCount numHTTPCount     numHTTPQ
           0            0            4            9
           1            0            5           16
           2            2            5           20
           3            1            4            6
           4            1            3            0
           5            0            0            0
           6            0            0            1
           7            1            3            3
           8            0            5            2
           9            0            3            0
          10            0            1            2
          11            1            0            0
          12            0            0            0
          13            0            0            3
          14            0            2            0
          15            2            4            1
          16            3            1            2
          17            0            2            4
          18            2            5            0
          19            2            5            0
          20            2            2            5
          21            0            0            0
          22            1            2            1
          23            0            5            4
          24            2            5           13
          25            0            5           11
          26            1            4            7
          27            0            2            1
          28            1            3            0
          29            0            0            0
          30            0            0            1
          31            0            2            0
          32            0            3            0
          33            0            0            1
          34            2            4            0
          35            1            2            1
          36            0            1            0
          37            0            4            2
          38            1            4            1
          39            1            2            0
          40            0            0            0
          41            0            5            2
          42            0            1            0
          43            0            4            1
          44            1            2            5
          45            1            3            0
          46            2            4            1
          47            1            5           13
          48            1            3            4
          49            1            5            0
          50            2            5            3
          51            1            5            1
          52            1            5            0
          53            0            0            0
          54            0            1            3
          55            0            2            0
          56            3            5            3
          57            0            2            2
          58            1            4            8
          59            1            3            1
          60            1            2            0
          61            0            0            0
          62            2            3            0
          63            1            4            7
          64            1            3            0
          65            0            5         1378
          66            1            5         1348
          67            0            5         1297
          68            3            5         1262
          69            1            5         1218
          70            2            5         1203
          71            1            5         1181
          72            1            5         1167
          73            0            5         1158
          74            2            5         1151
          75            1            5          935
          76            3            5           36
          77            0            0            1
          78            0            0            0
          79            0            4            0
          80            2            4            0
          81            1            5            6
          82            1            1            6
          83            0            4            8
          84            0            1            0
          85            3            5          143
          86            2            4            8
          87            0            5            9
          88            0            2            0
          89            1            5            6
          90            0            0            3
          91            1            4            3
          92            2            4            7
          93            1            4            0
          94            0            1            0
          95            2            4            8
          96            0            3            0
          97            0            2            0
          98            0            3           11
          99            4            5            9
         100            1            1            4
         101            0            1            5
         102            0            5           35
         103            0            4            3
         104            0            1            2
         105            0            0            0
         106            1            1            0
         107            0            1            0
         108            0            3            1
         109            1            2            0
         110            1            4            5
         111            0            1            0
         112            0            4            0
         113            1            2            2
         114            0            1            5
         115            1            5           12
         116            1            2            2
         117            2            5            6
         118            0            2            2
         119            1            5           18
         120            2            2            0
         121            0            0            5
         122            1            2            5
         123            1            4            1
         124            0            0            0
         125            0            1            0
         126            1            1           11
         127            0            0            8
         128            0            2            1
         129            3            4            0
         130            1            4            0
         131            1            1            4
         132            1            2            4
         133            2            4            0
         134            1            1            1
         135            0            2            4
         136            1            2            2
         137            1            4            1
         138            0            1            0
         139            0            0            1
         140            0            5            5
         141            1            3            3
         142            1            4            7
         143            0            4            4
         144            0            1            0
         145            1            4            0
         146            0            5            0

TOT.MUESTRAS        MEDIA:
         147     0.761905      2.86395      94.5714
