    #Muestra numJDBCCount numHTTPCount     numHTTPQ
           0            0            0            0
           1            0            3            1
           2            0            0            0
           3            0            1            0
           4            1            2            0
           5            2            0            8
           6            0            3           14
           7            2            5            0
           8            1            4            6
           9            2            2            1
          10            0            0            0
          11            4            4            7
          12            2            5           13
          13            2            5            5
          14            1            1            1
          15            0            5            1
          16            1            2            1
          17            2            2            3
          18            1            5            2
          19            1            4           10
          20            1            4            5
          21            3            4            8
          22            0            1            9
          23            0            0            2
          24            1            5           10
          25            1            5            8
          26            1            5           12
          27            0            5           33
          28            2            5           21
          29            1            4            3
          30            2            5           21
          31            0            5            0
          32            1            4           16
          33            2            5           18
          34            0            5           13
          35            0            5           10
          36            0            4           24
          37            4            5            9
          38            0            5           11
          39            2            5           40
          40            2            5           22
          41            3            5           24
          42            0            4            0
          43            1            5           27
          44            2            5           54
          45            2            5           93
          46            2            5           71
          47            0            5           43
          48            1            5          548
          49            2            5          577
          50            3            5          583
          51            0            5          325
          52            0            4           14
          53            1            4            4
          54            1            5           27
          55            1            5            9
          56            0            4            9
          57            0            5           15
          58            1            3           10
          59            0            2            0
          60            2            5            5
          61            1            5           40
          62            0            3            2
          63            0            1            3
          64            0            5            5
          65            0            1            5
          66            1            5           11
          67            2            3            2
          68            2            5           15
          69            0            0            3
          70            0            4            0
          71            0            0            1
          72            0            1            1
          73            0            4            0
          74            1            3            3
          75            1            1            2
          76            3            5            0
          77            0            5           17
          78            0            4            0
          79            0            2            0
          80            0            2           10
          81            0            4            1
          82            0            1            0
          83            1            3            5
          84            1            1            2
          85            1            0            0
          86            0            3            1
          87            0            0            0
          88            1            4            0
          89            1            5            2
          90            2            4           15
          91            1            0            1
          92            1            5            0
          93            1            4            0
          94            1            4            8
          95            1            5            0
          96            0            2            1
          97            0            3            9
          98            0            4            1
          99            1            3            4
         100            1            1            0
         101            0            3            4
         102            0            4            6
         103            2            3            6
         104            0            2            4
         105            0            3           14
         106            0            0            1
         107            0            2            2
         108            0            2            1
         109            0            5            4
         110            1            4            6
         111            0            2            0
         112            0            4            8
         113            0            3            8
         114            1            5           10
         115            0            2            3
         116            1            2            0
         117            1            3            5
         118            0            3            7
         119            0            4           14
         120            1            4            7
         121            2            5           10
         122            1            3            0
         123            0            5            4
         124            1            3            1
         125            0            0            1
         126            0            3            7
         127            0            3           20
         128            1            3            8
         129            4            5            7
         130            1            2            2
         131            1            3            2
         132            1            2            0
         133            1            2            6
         134            0            0            0
         135            0            2            0
         136            1            3            0
         137            0            3           11
         138            1            5           12
         139            1            3            2
         140            4            5            7
         141            1            3            5
         142            0            2            1
         143            1            4            5
         144            1            3            0
         145            0            3            4
         146            0            0            4
         147            2            4            8
         148            0            2            1
         149            2            4            2

TOT.MUESTRAS        MEDIA:
         150         0.84          3.3        21.44
