10000 0.000850 38.000000 38 38
15000 0.000873 38.000000 38 38
20000 0.000893 41.000000 41 41
25000 0.000888 41.000000 41 41
30000 0.000894 41.000000 41 41
35000 0.000904 44.000000 44 44
40000 0.001196 44.000000 44 44
45000 0.000894 44.000000 44 44
50000 0.000889 44.000000 44 44
55000 0.000893 44.000000 44 44
60000 0.000897 44.000000 44 44
65000 0.000884 44.000000 44 44
70000 0.000906 47.000000 47 47
75000 0.000894 47.000000 47 47
80000 0.000893 47.000000 47 47
85000 0.000901 47.000000 47 47
90000 0.000898 47.000000 47 47
95000 0.000905 47.000000 47 47
100000 0.000904 47.000000 47 47
105000 0.000897 47.000000 47 47
110000 0.000894 47.000000 47 47
115000 0.000896 47.000000 47 47
120000 0.000892 47.000000 47 47
125000 0.000926 47.000000 47 47
130000 0.000899 47.000000 47 47
135000 0.000900 50.000000 50 50
140000 0.000907 50.000000 50 50
145000 0.000906 50.000000 50 50
