10000 0.004473 36.089300 2 41
12500 0.002267 37.071440 2 41
15000 0.001473 37.726200 2 41
17500 0.002364 38.385371 2 44
20000 0.003232 39.087200 2 44
22500 0.002049 39.633067 2 44
25000 0.001598 40.069760 2 44
27500 0.000995 40.427055 2 44
30000 0.000963 40.724800 2 44
32500 0.001269 40.976738 2 44
35000 0.001037 41.384086 2 47
37500 0.001194 41.758480 2 47
40000 0.001029 42.086075 2 47
42500 0.000976 42.375129 2 47
45000 0.000927 42.632067 2 47
47500 0.000917 42.861958 2 47
50000 0.000916 43.068860 2 47
52500 0.000910 43.256057 2 47
55000 0.000968 43.426236 2 47
57500 0.000902 43.581617 2 47
60000 0.000930 43.724050 2 47
62500 0.000907 43.855088 2 47
65000 0.001056 43.976046 2 47
67500 0.000918 44.175378 2 50
70000 0.000917 44.383400 2 50
72500 0.000948 44.577076 2 50
75000 0.000976 44.757840 2 50
77500 0.000906 44.926942 2 50
80000 0.000930 45.085475 2 50
82500 0.000941 45.234400 2 50
85000 0.000931 45.374565 2 50
87500 0.000918 45.506720 2 50
90000 0.000936 45.631533 2 50
92500 0.001114 45.749600 2 50
95000 0.000907 45.861453 2 50
97500 0.000956 45.967569 2 50
100000 0.000954 46.068380 2 50
102500 0.000931 46.164273 2 50
105000 0.001019 46.255600 2 50
107500 0.000946 46.342679 2 50
110000 0.000926 46.425800 2 50
112500 0.000910 46.505227 2 50
115000 0.000974 46.581200 2 50
117500 0.000934 46.653940 2 50
120000 0.000908 46.723650 2 50
122500 0.000928 46.790514 2 50
125000 0.000913 46.854704 2 50
127500 0.000966 46.916376 2 50
130000 0.000917 46.975677 2 50
132500 0.000916 47.065094 2 53
135000 0.000925 47.175000 2 53
137500 0.000943 47.280909 2 53
140000 0.000947 47.383036 2 53
142500 0.000914 47.481579 2 53
145000 0.000924 47.576724 2 53
147500 0.000949 47.668644 2 53
