10000 0.000846 2.000000 2 2
15000 0.000790 2.000000 2 2
20000 0.000818 2.000000 2 2
25000 0.000839 2.000000 2 2
30000 0.000820 2.000000 2 2
35000 0.000819 2.000000 2 2
40000 0.000820 2.000000 2 2
45000 0.000832 2.000000 2 2
50000 0.000818 2.000000 2 2
55000 0.000816 2.000000 2 2
60000 0.000828 2.000000 2 2
65000 0.000819 2.000000 2 2
70000 0.001014 2.000000 2 2
75000 0.000811 2.000000 2 2
80000 0.000813 2.000000 2 2
85000 0.000823 2.000000 2 2
90000 0.000827 2.000000 2 2
95000 0.000818 2.000000 2 2
100000 0.000825 2.000000 2 2
105000 0.000834 2.000000 2 2
110000 0.000819 2.000000 2 2
115000 0.000822 2.000000 2 2
120000 0.000819 2.000000 2 2
125000 0.000934 2.000000 2 2
130000 0.000958 2.000000 2 2
135000 0.000827 2.000000 2 2
140000 0.000820 2.000000 2 2
145000 0.000821 2.000000 2 2
