10000 0.019284 10001.000000 10001 10001
15000 0.003444 1444.000000 1444 1444
20000 0.001580 404.000000 404 404
25000 0.026886 13911.000000 13911 13911
30000 0.026248 13816.000000 13816 13816
35000 0.065056 35001.000000 35001 35001
40000 0.074231 40001.000000 40001 40001
45000 0.085032 45001.000000 45001 45001
50000 0.093609 50001.000000 50001 50001
55000 0.101691 55001.000000 55001 55001
60000 0.110663 60001.000000 60001 60001
65000 0.121071 65001.000000 65001 65001
70000 0.127567 70001.000000 70001 70001
75000 0.137668 75001.000000 75001 75001
80000 0.146273 80001.000000 80001 80001
85000 0.154385 85001.000000 85001 85001
90000 0.163081 90001.000000 90001 90001
95000 0.172242 95001.000000 95001 95001
100000 0.181307 100001.000000 100001 100001
105000 0.189838 105001.000000 105001 105001
110000 0.197945 110001.000000 110001 110001
115000 0.206880 115001.000000 115001 115001
120000 0.216498 120001.000000 120001 120001
125000 0.234657 125001.000000 125001 125001
130000 0.243782 130001.000000 130001 130001
135000 0.251693 135001.000000 135001 135001
140000 0.261490 140001.000000 140001 140001
145000 0.263872 145001.000000 145001 145001
