1000 0.001106 52.302510 1 997
1200 0.000995 76.090600 1 1200
1400 0.001032 96.876950 1 1399
1600 0.001039 94.290262 1 1600
1800 0.001166 115.052061 1 1800
2000 0.001031 96.055695 1 2000
2200 0.001091 101.205864 1 2200
2400 0.001077 109.870217 1 2398
2600 0.001211 167.114823 1 2595
2800 0.001197 155.856746 1 2800
3000 0.001241 179.888587 1 2998
3200 0.001208 172.741388 1 3200
3400 0.001261 170.093409 1 3398
3600 0.001355 235.897575 1 3597
3800 0.001323 196.288042 1 3800
4000 0.001257 195.612523 1 3998
4200 0.001321 227.065460 1 4197
4400 0.001417 262.746248 1 4396
4600 0.001359 218.906587 1 4593
4800 0.001519 322.162204 1 4794
5000 0.001360 216.564090 1 5000
5200 0.001420 267.907981 1 5192
5400 0.001564 341.083250 1 5400
5600 0.001451 251.203284 1 5595
5800 0.001658 355.651700 1 5797
6000 0.001551 309.488067 1 5995
6200 0.001536 295.409887 1 6199
6400 0.001592 350.114067 1 6400
6600 0.001468 284.546615 1 6590
6800 0.001605 356.624112 1 6798
7000 0.001669 372.270869 1 6981
7200 0.001826 443.885557 1 7200
7400 0.001604 348.971665 1 7400
7600 0.001755 419.007845 1 7596
7800 0.001577 327.721150 1 7792
8000 0.001811 447.764671 1 7998
8200 0.001590 355.990748 1 8198
8400 0.001732 405.632194 1 8400
8600 0.001990 530.286943 1 8600
8800 0.001940 527.626125 1 8794
9000 0.001897 511.475036 1 8994
9200 0.001853 486.305280 1 9195
9400 0.002027 552.158506 1 9397
9600 0.002234 464.350569 1 9598
9800 0.002013 491.616413 1 9787
