1000 0.002211 666.941000 21 1000
1200 0.002881 658.620000 37 1179
1400 0.002878 741.515714 1 1380
1600 0.002417 740.036250 1 1552
1800 0.002192 657.086111 1 1794
2000 0.001764 441.851500 1 1993
2200 0.004208 979.111818 14 2174
2400 0.004643 1208.257917 41 2315
2600 0.004047 1380.758846 21 2586
2800 0.006859 1578.008571 1 2778
3000 0.002528 835.552000 1 2970
3200 0.002555 822.153437 1 3182
3400 0.003572 1292.805000 1 3393
3600 0.004660 1835.363333 50 3476
3800 0.005372 2229.104211 1 3783
4000 0.004319 1719.242500 1 3916
4200 0.004472 1082.752857 1 4200
4400 0.005958 1981.935000 1 4384
4600 0.004842 1706.026957 1 4576
4800 0.005480 2253.927292 1 4729
5000 0.006046 2542.029200 1 4990
5200 0.005444 2214.812500 1 5179
5400 0.006308 2612.674444 1 5362
5600 0.006209 2646.948571 5 5587
5800 0.004919 1964.112069 1 5791
6000 0.004670 1709.186167 1 5952
6200 0.006292 2695.561613 1 6147
6400 0.006026 2542.569687 47 6363
6600 0.006765 2926.573030 1 6542
6800 0.005106 1936.746029 1 6760
7000 0.009139 4101.279857 31 6958
7200 0.005331 2203.005278 1 7169
7400 0.003063 1093.263919 1 7350
7600 0.007826 3181.185921 1 7588
7800 0.007426 3007.078205 50 7775
8000 0.014559 4525.852500 39 7900
8200 0.005592 2216.814512 1 8174
8400 0.012538 5176.268095 1 8348
8600 0.010530 4264.766395 61 8584
8800 0.009164 3954.031591 53 8799
9000 0.010756 4000.051333 126 8922
9200 0.014419 5447.027500 30 9061
9400 0.005644 2106.500745 1 9229
9600 0.010557 4648.093125 23 9589
9800 0.013713 6257.233673 1 9736
