10000 0.010071 5000.500000 1 10000
12500 0.012386 6250.500000 1 12500
15000 0.014951 7500.500000 1 15000
17500 0.017173 8750.500000 1 17500
20000 0.019886 10000.500000 1 20000
22500 0.021819 11250.500000 1 22500
25000 0.024001 12500.500000 1 25000
27500 0.026842 13750.500000 1 27500
30000 0.028596 15000.500000 1 30000
32500 0.030956 16250.500000 1 32500
35000 0.033218 17500.500000 1 35000
37500 0.036541 18750.500000 1 37500
40000 0.038926 20000.500000 1 40000
42500 0.041211 21250.500000 1 42500
45000 0.043532 22500.500000 1 45000
47500 0.045200 23750.500000 1 47500
50000 0.048001 25000.500000 1 50000
52500 0.050892 26250.500000 1 52500
55000 0.052594 27500.500000 1 55000
57500 0.055150 28750.500000 1 57500
60000 0.057115 30000.500000 1 60000
62500 0.059533 31250.500000 1 62500
65000 0.062004 32500.500000 1 65000
67500 0.067106 33750.500000 1 67500
70000 0.068731 35000.500000 1 70000
72500 0.073406 36250.500000 1 72500
75000 0.073016 37500.500000 1 75000
77500 0.075394 38750.500000 1 77500
80000 0.079169 40000.500000 1 80000
82500 0.080941 41250.500000 1 82500
85000 0.084574 42500.500000 1 85000
87500 0.084534 43750.500000 1 87500
90000 0.089833 45000.500000 1 90000
92500 0.092220 46250.500000 1 92500
95000 0.095169 47500.500000 1 95000
97500 0.096997 48750.500000 1 97500
100000 0.094642 50000.500000 1 100000
102500 0.099077 51250.500000 1 102500
105000 0.099610 52500.500000 1 105000
107500 0.101485 53750.500000 1 107500
110000 0.104650 55000.500000 1 110000
112500 0.107841 56250.500000 1 112500
115000 0.109990 57500.500000 1 115000
117500 0.112059 58750.500000 1 117500
120000 0.113236 60000.500000 1 120000
122500 0.115942 61250.500000 1 122500
125000 0.124105 62500.500000 1 125000
127500 0.127954 63750.500000 1 127500
130000 0.132454 65000.500000 1 130000
132500 0.129493 66250.500000 1 132500
135000 0.134920 67500.500000 1 135000
137500 0.138482 68750.500000 1 137500
140000 0.139113 70000.500000 1 140000
142500 0.143038 71250.500000 1 142500
145000 0.137855 72500.500000 1 145000
147500 0.135678 73750.500000 1 147500
