1000 0.001515 165.387000 1 972
1200 0.002399 637.258333 1 1194
1400 0.001856 410.300000 1 1398
1600 0.002716 742.016875 1 1588
1800 0.002919 614.023889 1 1761
2000 0.002368 679.145000 1 1944
2200 0.003347 1002.589091 1 2154
2400 0.003596 1230.627500 1 2372
2600 0.001813 441.562692 1 2599
2800 0.002805 881.626429 2 2765
3000 0.007172 1414.707333 11 2955
3200 0.005756 1378.666250 1 3199
3400 0.008346 1709.117941 11 3396
3600 0.003761 1237.775833 1 3548
3800 0.007156 1865.337105 1 3798
4000 0.011259 1948.267500 1 3985
4200 0.005406 1982.230952 50 4177
4400 0.003997 1354.810455 1 4389
4600 0.004712 1104.314130 1 4542
4800 0.004869 1241.269167 1 4697
5000 0.004749 1466.282400 1 4912
5200 0.006819 2122.029038 1 5171
5400 0.007502 3246.527407 65 5395
5600 0.003630 1335.597500 1 5548
5800 0.005497 2209.424828 1 5782
6000 0.004526 1723.880167 1 5954
6200 0.008404 2867.421613 34 6179
6400 0.008611 3570.362813 1 6385
6600 0.009296 3770.646515 1 6558
6800 0.003925 1476.021912 1 6753
7000 0.012013 4687.500571 22 6990
7200 0.007313 3118.199583 1 7188
7400 0.007643 3144.037297 2 7350
7600 0.007543 2996.473947 12 7546
7800 0.007403 2826.097821 1 7703
8000 0.008221 3008.836125 1 7977
8200 0.011474 4206.295122 18 8030
8400 0.004894 1780.270119 1 8319
8600 0.009425 4095.055000 1 8566
8800 0.009587 4245.412045 30 8789
9000 0.006462 2776.284000 1 8965
9200 0.010391 4597.444891 111 9186
9400 0.005278 2055.429574 1 9395
9600 0.012229 5405.051146 44 9599
9800 0.011444 5199.932857 137 9789
