10000 0.010639 4673.909200 4 9983
12500 0.011453 5235.472480 1 12368
15000 0.007462 3216.873333 1 14973
17500 0.015955 7444.708800 55 17493
20000 0.011846 5331.577450 1 19942
22500 0.013634 5645.829022 1 22380
25000 0.014859 6942.741880 1 24958
27500 0.027650 13246.160618 1 27446
30000 0.026444 12558.859100 1 29915
32500 0.020427 9624.072462 1 32463
35000 0.034815 16420.046143 1 34842
37500 0.037328 17693.633973 28 37434
40000 0.018505 8483.744175 1 39985
42500 0.028311 13590.318094 1 42342
45000 0.029552 14061.400667 1 44981
47500 0.037007 17658.776063 1 47448
50000 0.030029 14354.639480 1 49784
52500 0.040339 18639.651086 1 52159
55000 0.027929 13163.953473 1 54903
57500 0.027464 13112.419826 1 57441
60000 0.069713 33034.605517 99 59791
62500 0.059970 28818.346464 1 62480
65000 0.036714 17682.328215 1 64888
67500 0.059752 27912.331837 1 67442
70000 0.081437 38358.239543 132 69947
72500 0.079560 37250.420097 120 72291
75000 0.071800 33901.584013 1 74967
77500 0.041598 18994.740761 1 77386
80000 0.047002 21906.566312 1 79937
82500 0.055577 26064.757685 1 82465
85000 0.070337 33348.583976 1 84947
87500 0.049468 23467.178640 1 87228
90000 0.046921 21152.181944 1 89740
92500 0.106417 50207.357773 34 92489
95000 0.081615 38548.972316 1 94946
97500 0.131773 61160.307282 1 97121
100000 0.106197 47144.785530 134 99813
102500 0.081805 34306.504098 1 102391
105000 0.091913 43086.477343 1 104551
107500 0.095611 46322.828009 1 107462
110000 0.097888 47768.463655 116 109802
112500 0.084646 41473.330453 1 112496
115000 0.101972 50319.733617 1 114977
117500 0.083896 41611.052477 1 117310
120000 0.114448 56755.144867 390 119532
122500 0.101731 50603.499265 177 121871
125000 0.061023 29319.660344 1 124959
127500 0.137326 67686.059373 1 127458
130000 0.123002 59409.552423 74 129721
132500 0.114530 55828.887245 43 132310
135000 0.115394 54467.079533 1 134880
137500 0.108075 52033.485280 1 136970
140000 0.082131 40321.530100 1 139957
142500 0.073333 35534.519291 1 142316
145000 0.082152 40108.585331 1 144950
147500 0.202342 98055.442454 18 147265
