procs -----------memory---------- ---swap-- -----io---- -system-- ------cpu-----
 r  b   swpd   free   buff  cache   si   so    bi    bo   in   cs us sy id wa st
 1  0 241348 119432   2336  58116  191  220  2724   235  343  685  5  2 93  0  0
 2  0 241348 119432   2336  58116   44    0 21176     0 1846 4036 35 16 48  1  0
 4  0 241348 119432   2336  58116 3996 19620 10068 19620 3974 7451 74 25  0  1  0
 3  0 241348 119432   2336  58116    4 20148  8844 20148 2582 6604 81 19  0  0  0
 8  0 241348 119432   2336  58116  776 5708  2264  5708 1828 4785 77 14  8  1  0
10  0 241348 119432   2336  58116 5088 3976  5088  4020 3015 6742 36 19 43  2  0
 4  0 241348 119432   2336  58116  156    0   156    84 1682 4409 39  8 53  0  0
 7  0 241348 119432   2336  58116  328    0   328     0 1768 4954 37  8 55  0  0
11  0 241348 119432   2336  58116  400    0   400     0 1802 4499 46  7 47  0  0
10  0 241348 119432   2336  58116  308    0   308     0 1793 5133 48  8 44  0  0
10  0 241348 119432   2336  58116 1216 6564  1352  7292 2612 5624 44 16 38  1  0
 5  0 241348 119432   2336  58116   16    0    20    32 1876 5471 45  8 46  0  0
 2  0 241348 119432   2336  58116  184    0   184     0 2111 6191 49 10 40  0  0
 1  0 241348 119432   2336  58116   84    0    92     0 1921 5962 49  8 44  0  0
 1  0 241348 119432   2336  58116   68  296    68   296 2062 5931 41 15 44  0  0
 2  0 241348 119432   2336  58116   64    0    64    36 1852 5642 42  8 49  0  0
 4  0 241348 119432   2336  58116   92    0    92    16 2038 6195 43 12 44  0  0
 1  0 241348 119432   2336  58116  116    0   372     0 1823 5487 48 11 40  0  0
 1  0 241348 119432   2336  58116   16    0    16     0 1911 5798 46 11 44  0  0
 2  0 241348 119432   2336  58116  688    0   692     0 1760 4560 65  9 26  0  0
 1  0 241348 119432   2336  58116  192    0   192    20 1721 4907 44 12 45  0  0
 6  0 241348 119432   2336  58116   68    0    88    12 1470 4366 43 10 47  0  0
 3  0 241348 119432   2336  58116    8    0     8     0 1618 4793 38 11 51  0  0
 3  0 241348 119432   2336  58116  100    0   108     0 1620 4966 44  7 49  0  0
 1  0 241348 119432   2336  58116 2976 1540  2976  3996 2149 5572 48 15 37  1  0
 1  0 241348 119432   2336  58116 1972    0  1996     0 1825 4920 51  9 40  0  0
 1  0 241348 119432   2336  58116   44 3688   340  3720 2141 4646 55 15 30  0  0
 3  0 241348 119432   2336  58116  644    0  1064     0 1644 4707 41 10 48  0  0
 1  0 241348 119432   2336  58116   36    0    36     0 1624 5008 38 13 50  0  0
 1  0 241348 119432   2336  58116  492    0   496    20 1712 4944 40 12 48  0  0
 2  0 241348 119432   2336  58116  684    0   688     0 1967 5620 45 14 42  0  0
 1  0 241348 119432   2336  58116  524    0   588    28 1833 5244 44 11 44  1  0
 1  0 241348 119432   2336  58116  680    0   716     0 1998 5788 47 12 42  0  0
 1  0 241348 119432   2336  58116  176    0   180     0 1746 5111 46  9 44  0  0
 1  0 241348 119432   2336  58116   72    0   208    20 1734 5119 39 11 49  0  0
 2  0 241348 119432   2336  58116  800    0   932     0 1741 4824 48  8 44  0  0
 3  0 241348 119432   2336  58116  572    0   936    12 1986 5491 55 11 34  0  0
 3  0 241348 119432   2336  58116  648    0   648     0 1878 5189 45 12 43  1  0
 1  0 241348 119432   2336  58116  920    0   932  2228 1824 5248 42 11 46  0  0
 4  0 241348 119432   2336  58116   20    0    32    20 1544 4522 34 14 52  0  0
 1  0 241348 119432   2336  58116 1036    0  1036     0 1705 4705 39 14 46  1  0
 6  0 241348 119432   2336  58116  464    0   464    32 1579 4520 45 12 43  0  0
 1  0 241348 119432   2336  58116  836    0   836     0 1916 5390 49  8 43  0  0
 2  0 241348 119432   2336  58116 1016    0  1016     0 1798 5295 39 15 47  0  0
 1  0 241348 119432   2336  58116  128    0   132    20 1555 4601 39 11 50  0  0
 2  0 241348 119432   2336  58116 44380 21152 44380 21152 11609 23946 16 54 13 16  0
 2  0 241348 119432   2336  58116 27740 29092 31388 30140 8802 13810 46 44  0 10  0
 6  0 241348 119432   2336  58116 6500 13512 16108 13512 5091 7252 76 24  0  0  0
 3  0 241348 119432   2336  58116 46892 31440 47376 31660 9910 16603 49 49  0  3  0
 2  0 241348 119432   2336  58116 75292 107868 85912 107868 15031 20241 12 80  0  8  0
 6  0 241348 119432   2336  58116 29888 50584 46540 50584 11131 14679 42 58  0  0  0
 2  0 241348 119432   2336  58116 20696 7140 22424  7172 3672 8653 82 15  1  2  0
 2  0 241348 119432   2336  58116 6160 17384  7660 17708 4238 7264 79 21  0  0  0
 2  0 241348 119432   2336  58116  636    0  1400     0 2127 5395 92  8  0  0  0
 7  0 241348 119432   2336  58116 2460    0  2884     0 1767 3895 95  5  0  0  0
 5  0 241348 119432   2336  58116 1108    0  4472     0 1843 4228 90 10  0  0  0
10  0 241348 119432   2336  58116  460    0   508    32 1827 4280 91  9  0  0  0
 8  0 241348 119432   2336  58116 4500 3968  4720  3988 3185 6585 54 19 26  1  0
10  0 241348 119432   2336  58116 1252    0  1636     0 1719 2363 90  8  2  0  0
 2  0 241348 119432   2336  58116 6720 10532  7552 11852 4227 6655 77 22  0  1  0
 7  0 241348 119432   2336  58116 7136    0  7604     0 3390 6088 84 16  0  0  0
 7  0 241348 119432   2336  58116 3612 2268  5340  2300 2872 3697 90 10  0  0  0
 2  0 241348 119432   2336  58116  836    0  1132     0 2481 4433 91  9  0  0  0
 2  0 241348 119432   2336  58116  932    0  1720     0 2664 5481 77 14  9  0  0
 6  0 241348 119432   2336  58116 1044    0  2120    20 2837 5136 89 11  0  0  0
 7  0 241348 119432   2336  58116  696    0  2024     0 2259 3256 92  8  0  0  0
 2  0 241348 119432   2336  58116  164    0  1140    36 2068 3398 73  9 17  0  0
 2  0 241348 119432   2336  58116 5480 5532  7192  6572 4033 7786 74 20  6  0  0
 6  0 241348 119432   2336  58116 1244    0  1424     0 2476 3460 88 12  0  0  0
 8  0 241348 119432   2336  58116   28    0    28     0 1689 2241 93  7  0  0  0
 2  0 241348 119432   2336  58116  476    0   476     0 2322 4858 83 17  0  0  0
 2  0 241348 119432   2336  58116  740    0   780    32 2469 5068 87 13  0  0  0
 5  0 241348 119432   2336  58116  548    0   612    20 1945 3153 96  4  0  0  0
 4  1 241348 119432   2336  58116  500    0   520     0 1836 3283 89 11  0  0  0
 2  0 241348 119432   2336  58116  568    0   568     0 2052 4167 89 11  0  0  0
 2  0 241348 119432   2336  58116  248    0   252     0 2185 5104 73 10 17  0  0
 7  0 241348 119432   2336  58116  520    0   520    28 2169 4211 90  9  0  1  0
 7  0 241348 119432   2336  58116  364    0   432    20 1848 3449 91  9  0  0  0
11  0 241348 119432   2336  58116 1572  872  1572   872 1808 2875 92  8  0  0  0
 2  0 241348 119432   2336  58116  516    0   596     0 2081 4104 92  8  0  0  0
 2  0 241348 119432   2336  58116  184    0   488  2140 1955 4336 74 11 15  0  0
 2  0 241348 119432   2336  58116  284    0   356    32 1940 4188 91  7  2  0  0
 1  0 241348 119432   2336  58116  452 1732   584  1760 1957 3387 89  9  2  0  0
 4  0 241348 119432   2336  58116   52    0   200     0 1318 1976 80  3 16  0  0
 2  0 241348 119432   2336  58116   72    0   112     0 1951 4206 80  5 15  0  0
 3  0 241348 119432   2336  58116   68   16   100    16 1971 4259 92  8  0  0  0
 2  0 241348 119432   2336  58116   44   44   216    80 1912 4301 78 13  9  0  0
 4  0 241348 119432   2336  58116  464    0   652    20 1857 3704 93  7  0  0  0
 6  0 241348 119432   2336  58116  440    0   516     0 1602 2903 94  5  1  0  0
 2  0 241348 119432   2336  58116  512    0   512     0 1956 3534 88  7  5  0  0
 2  0 241348 119432   2336  58116  756    0   756     0 2222 4722 87 12  1  0  0
 2  0 241348 119432   2336  58116   36    0    52    12 1991 4574 81  9 10  0  0
 2  0 241348 119432   2336  58116  100    0   176    20 2009 4598 89  6  5  0  0
 8  0 241348 119432   2336  58116  168    0   232     0 1881 3958 90  9  1  0  0
 7  0 241348 119432   2336  58116  224    0   716     0 1717 2913 94  6  0  0  0
10  0 241348 119432   2336  58116  172    0   176  2128 1482 2478 89  6  5  0  0
 2  0 241348 119432   2336  58116   12    0   668    32 1898 4462 71  9 20  0  0
 2  0 241348 119432   2336  58116   60    0    60    20 1989 4609 77 11 12  0  0
 4  0 241348 119432   2336  58116  188    0   188     0 1844 4046 90  6  4  0  0
 8  0 241348 119432   2336  58116   52    0    68     0 1794 3478 92  8  0  0  0
10  0 241348 119432   2336  58116   60    0    60     0 1679 2874 95  5  0  0  0
 7  0 241348 119432   2336  58116   20    0    20    32 1563 2452 89  8  3  0  0
 4  0 241348 119432   2336  58116   20    0    20     0 1836 4097 78 10 12  0  0
 2  0 241348 119432   2336  58116   76    0    76    20 1931 4287 80 11  9  0  0
 2  0 241348 119432   2336  58116   20    0    20     4 1866 4381 80  7 13  0  0
 3  0 241348 119432   2336  58116   28    0  1088  1496 1728 3623 87  7  6  0  0
 6  0 241348 119432   2336  58116 5072    0  5124    28 2419 5239 89 11  0  0  0
 4  0 241348 119432   2336  58116   20    0    20     0 1744 3163 89  8  3  0  0
 2  0 241348 119432   2336  58116   76    0    76    20 1771 3659 80  8 12  0  0
 2  0 241348 119432   2336  58116  580 2100  1996  2688 2414 4476 86 13  1  0  0
 2  0 241348 119432   2336  58116  672    0  1368     0 2145 4671 89 11  0  0  0
 6  0 241348 119432   2336  58116 1636    0  1640    28 2315 4652 92  8  0  0  0
 6  0 241348 119432   2336  58116  268    0   328     0 1753 3323 95  5  0  0  0
 6  0 241348 119432   2336  58116  200    0   228     0 1725 3097 93  7  0  0  0
 5  0 241348 119432   2336  58116   36    0    56    20 1636 2641 93  5  2  0  0
 2  0 241348 119432   2336  58116   28    0   216     0 1654 3215 91  6  3  0  0
 2  0 241348 119432   2336  58116  296    0   296     0 2011 4323 83 11  5  1  0
 2  0 241348 119432   2336  58116   36    0    40    28 1901 4024 89  6  5  0  0
 2  0 241348 119432   2336  58116 2496    0  3304     0 2612 5874 78 12 10  0  0
 5  0 241348 119432   2336  58116   48    0    48    20 1922 3489 93  7  0  0  0
 6  0 241348 119432   2336  58116   56    0    56     0 1831 3456 91  7  2  0  0
 6  0 241348 119432   2336  58116   36    0    36     0 1825 3093 89  8  3  0  0
 5  0 241348 119432   2336  58116   44    0    72    12 1809 2531 93  7  0  0  0
 2  0 241348 119432   2336  58116  480 8152  8132 10384 3126 3592 86 14  0  0  0
 2  0 241348 119432   2336  58116  208    0  2796     0 2297 3981 88 12  0  0  0
 2  0 241348 119432   2336  58116  136    0   260     0 2325 4078 93  7  0  0  0
 2  0 241348 119432   2336  58116   96    0  1204     0 2193 3412 90 10  0  0  0
 7  0 241348 119432   2336  58116  672 1720   808  1720 2451 4025 87 13  0  0  0
 5  0 241348 119432   2336  58116 2204    0  2376   236 2304 2717 93  7  0  0  0
 2  0 241348 119432   2336  58116 1028    0  1100     0 2344 3943 90 10  0  0  0
 2  0 241348 119432   2336  58116  364    0   616     0 2469 4593 93  7  0  0  0
 2  0 241348 119432   2336  58116  152    0   276     0 2318 4275 88 12  0  0  0
 6  0 241348 119432   2336  58116 2108 4584  2240  4584 3080 4820 87 13  0  0  0
 9  0 241348 119432   2336  58116  504    0   504    36 1714 1748 95  5  0  0  0
 2  0 241348 119432   2336  58116   76    0    76    20 1991 3129 93  7  0  0  0
 2  0 241348 119432   2336  58116   28 1512  1268  1512 2180 3459 88 12  0  0  0
 2  0 241348 119432   2336  58116   16    0    16     0 1960 3499 89 11  0  0  0
 2  0 241348 119432   2336  58116  276    0   424     0 2123 4169 90 10  0  0  0
 2  0 241348 119432   2336  58116  416    0   416     0 2091 4219 89 11  0  0  0
 2  0 241348 119432   2336  58116  180    0   264    36 1857 3585 89 11  0  0  0
 2  0 241348 119432   2336  58116   16    0    16     0 1806 3397 95  5  0  0  0
 2  0 241348 119432   2336  58116  288    0   288  2496 1773 3483 94  6  0  0  0
 6  0 241348 119432   2336  58116    8    0     8     0 1636 3093 92  8  0  0  0
 5  0 241348 119432   2336  58116   16    0    16     0 1584 2823 94  6  0  0  0
 6  0 241348 119432   2336  58116   52    0    56    52 1649 2899 93  7  0  0  0
 6  0 241348 119432   2336  58116   20    0    20     0 1673 3058 90 10  0  0  0
 5  0 241348 119432   2336  58116   40    0    40     0 1604 2760 96  4  0  0  0
 6  0 241348 119432   2336  58116    8    0     8     0 1568 2812 95  5  0  0  0
 5  0 241348 119432   2336  58116   12    0    12     0 1672 3197 91  9  0  0  0
 2  0 241348 119432   2336  58116    4    0    16    48 1656 3319 94  6  0  0  0
 2  0 241348 119432   2336  58116    0    0     0     0 1644 3076 93  7  0  0  0
 2  0 241348 119432   2336  58116   16    0    16     0 1828 3619 91  9  0  0  0
 2  0 241348 119432   2336  58116   12    0    16     0 1818 3460 92  8  0  0  0
 2  0 241348 119432   2336  58116   92    0   136     0 1826 3458 94  6  0  0  0
 2  0 241348 119432   2336  58116   24    0    24    44 1707 3257 91  9  0  0  0
 2  0 241348 119432   2336  58116  192    0   192     0 1870 3469 90 10  0  0  0
 2  0 241348 119432   2336  58116  212 2160   228  4128 1979 3357 93  7  0  0  0
 3  0 241348 119432   2336  58116   80   44   512    44 1790 3238 91  9  0  0  0
 6  0 241348 119432   2336  58116   20 3680    68  3680 1970 3139 90 10  0  0  0
 6  0 241348 119432   2336  58116   56    0   632    28 1660 2963 95  5  0  0  0
 5  0 241348 119432   2336  58116   72    0   188     0 1528 2504 94  6  0  0  0
 6  0 241348 119432   2336  58116    0    0   112    24 1649 3039 94  6  0  0  0
 6  0 241348 119432   2336  58116   40    0   188     0 1515 2822 94  6  0  0  0
 2  0 241348 119432   2336  58116   28    0    28     0 1675 2795 95  5  0  0  0
 2  0 241348 119432   2336  58116   12    0    12     8 1698 3334 89 11  0  0  0
 2  0 241348 119432   2336  58116   56    0    72    20 1745 3407 93  7  0  0  0
 2  0 241348 119432   2336  58116   92    0    92    24 1719 3369 92  8  0  0  0
 2  0 241348 119432   2336  58116   24    0    96     0 1777 3242 95  5  0  0  0
 2  0 241348 119432   2336  58116   24    0    92     0 1762 3286 93  7  0  0  0
 2  0 241348 119432   2336  58116   32    0    32     0 1774 3136 93  7  0  0  0
 2  0 241348 119432   2336  58116   32    0   128    20 1779 2980 92  8  0  0  0
 2  0 241348 119432   2336  58116  104    0   104    20 1679 3171 91  9  0  0  0
 2  0 241348 119432   2336  58116  208    0   208  2188 1817 3357 90 10  0  0  0
 2  0 241348 119432   2336  58116   48    0    88     0 1646 3399 94  6  0  0  0
 2  0 241348 119432   2336  58116  116    0   216     0 1809 3704 90  9  0  1  0
 2  0 241348 119432   2336  58116   44    0   928    28 1738 3425 93  7  0  0  0
 5  0 241348 119432   2336  58116   40    0    40    20 1682 3515 90 10  0  0  0
 6  0 241348 119432   2336  58116    8    0     8     0 1559 3021 92  8  0  0  0
 7  0 241348 119432   2336  58116   24   32    24    32 1635 3274 92  8  0  0  0
 6  0 241348 119432   2336  58116   12 1356    12  1356 1664 2708 93  7  0  0  0
 6  0 241348 119432   2336  58116    4    0     4    28 1622 3029 90  9  1  0  0
 6  0 241348 119432   2336  58116  128    0   144    20 1635 3055 91  9  0  0  0
10  0 241348 119432   2336  58116  224    0   224     0 1603 2653 94  6  0  0  0
 2  0 241348 119432   2336  58116  444    0   696     0 1964 3976 93  7  0  0  0
 2  0 241348 119432   2336  58116  912    0   912     0 1987 4114 91  9  0  0  0
 2  0 241348 119432   2336  58116  164    0   164     0 1875 3716 90 10  0  0  0
 2  0 241348 119432   2336  58116   16    0   236    12 1857 3566 91  9  0  0  0
 2  0 241348 119432   2336  58116    8    0     8  2032 1821 3357 91  9  0  0  0
 2  0 241348 119432   2336  58116    4    0     4     0 1693 3010 93  7  0  0  0
 2  0 241348 119432   2336  58116  100  672   100   672 1927 4135 85 11  4  0  0
 9  0 241348 119432   2336  58116  392    0   448     0 1725 3009 89  6  5  0  0
 2  0 241348 119432   2336  58116 8652 4296  8908  4324 3376 6273 78 18  0  4  0
 2  0 241348 119432   2336  58116 1936 5384  2032  5976 2378 3900 70 15 15  0  0
 2  0 241348 119432   2336  58116   20    0   332     0 1266 2193 64  5 31  0  0
 1  0 241348 119432   2336  58116 4068    0  4400     0 2688 6638 55 13 32  0  0
 2  0 241348 119432   2336  58116   12    0    80     0 1164 1632 77  7 16  0  0
 5  0 241348 119432   2336  58116 2600    0  3140    28 2693 6569 75 14 10  2  0
 6  0 241348 119432   2336  58116  372    0   412     0 1462 2386 88  7  5  0  0
 1  0 241348 119432   2336  58116   96    0    96    20 1487 3886 34 12 54  0  0
10  0 241348 119432   2336  58116  252    0   252     0 1020 1413 79  4 17  0  0
MEDIA
NR:  202 CPU:  87.625
