    #Muestra numJDBCCount numHTTPCount     numHTTPQ
           0            0            1            0
           1            0            5            2
           2            0            2            5
           3            0            2            0
           4            0            1            0
           5            2            2            8
           6            0            5           12
           7            3            5           11
           8            3            5            7
           9            1            5           14
          10            1            5           10
          11            1            5           16
          12            1            3            5
          13            2            5            6
          14            0            0            0
          15            0            2            0
          16            1            5           10
          17            2            2            3
          18            0            0            0
          19            0            4            5
          20            0            4            6
          21            0            2            2
          22            0            5           16
          23            0            3            0
          24            1            4            7
          25            0            2            1
          26            1            3            3
          27            2            5           16
          28            0            4            0
          29            1            5           13
          30            0            2            0
          31            0            4            6
          32            1            4           12
          33            1            0            5
          34            2            4           17
          35            3            5            6
          36            1            4            4
          37            0            4            1
          38            1            4            5
          39            1            4            3
          40            2            3            6
          41            2            4           11
          42            0            5          645
          43            0            5          672
          44            2            5          686
          45            0            5         1155
          46            1            5         1152
          47            1            5         1185
          48            0            5         1125
          49            1            5          934
          50            2            5          793
          51            3            5          623
          52            5            5          393
          53            1            5          165
          54            1            2            0
          55            1            5          209
          56            0            5          286
          57            1            5          185
          58            0            5          418
          59            3            5          303
          60            0            5          333
          61            0            5          175
          62            2            5          299
          63            0            5          297
          64            0            0            1
          65            0            5          233
          66            2            5          392
          67            2            5          346
          68            2            5           91
          69            0            5          231
          70            1            5          251
          71            0            5          200
          72            0            5          240
          73            1            5           86
          74            2            5          127
          75            1            5          214
          76            2            5          192
          77            0            5          209
          78            2            0            0
          79            1            1            3
          80            4            5          207
          81            1            5          245
          82            2            5          226
          83            1            4          192
          84            0            5           27
          85            3            5           98
          86            0            5          201
          87            1            5          208
          88            2            5          199
          89            0            5          169
          90            1            5            6
          91            3            5           88
          92            3            5          186
          93            0            5          205
          94            3            5          204
          95            0            5          226
          96            1            5           53
          97            1            5          110
          98            4            5          203
          99            0            5          199
         100            2            5          199
         101            0            5          202
         102            0            5          218
         103            1            5           82
         104            2            5          131
         105            1            5          208
         106            5            5          241
         107            0            5          217
         108            0            5          213
         109            0            5          220
         110            3            5           34
         111            1            5           80
         112            2            5          153
         113            0            5          205
         114            1            5          183
         115            0            5          264
         116            2            5          244
         117            0            5          254
         118            3            5          275
         119            0            5          175
         120            0            5          399
         121            1            5          442
         122            2            5          479
         123            2            5          468
         124            1            5          634
         125            1            5          464
         126            1            5          623
         127            3            5          597
         128            0            5          326
         129            2            5          288
         130            0            5          502
         131            1            5          510
         132            1            5          472
         133            3            5          456
         134            3            5          468
         135            1            5          443
         136            1            5          413
         137            1            5          361
         138            0            5          331
         139            3            5          281
         140            0            5          274
         141            1            5          273
         142            1            5          253
         143            0            5           88
         144            0            5          277
         145            0            5          255
         146            4            5           66
         147            2            5          173
         148            3            5          198
         149            1            5          260
         150            3            5          313
         151            1            5          364
         152            0            5          355
         153            1            5          367
         154            2            5          365
         155            0            5          368
         156            3            5          335
         157            2            5          153
         158            2            5          345
         159            0            5          352
         160            0            5          366
         161            0            5          375
         162            0            5          365
         163            2            5          246
         164            1            5          257
         165            3            5          265
         166            3            5          285
         167            0            5          304
         168            3            5          316
         169            1            5          342
         170            4            5          321
         171            0            5          358
         172            2            5          336
         173            1            5          375
         174            0            5          327
         175            1            5          315
         176            1            5          292
         177            2            5          287
         178            0            5          323
         179            4            5          336
         180            3            5          330
         181            2            5          252
         182            2            5          242
         183            3            5          276
         184            1            5          336
         185            2            5          333
         186            2            5          145
         187            2            2            0
         188            1            1            0
         189            0            5           91
         190            0            2            0
         191            3            5          122
         192            0            2            1
         193            1            5           97
         194            0            0            0
         195            3            5          103
         196            2            2            1

TOT.MUESTRAS        MEDIA:
         197      1.20305      4.46193      229.766
