1001 0.000994 25.964036 2 29
2001 0.000988 28.947526 2 32
3001 0.001032 30.918361 2 35
4001 0.000969 31.938515 2 35
5001 0.000914 33.094181 2 38
6001 0.000945 33.911681 2 38
7001 0.000941 34.495643 2 38
8001 0.000911 34.933633 2 38
9001 0.000918 35.544273 2 41
10001 0.000913 36.089791 2 41
11001 0.000906 36.536133 2 41
12001 0.000910 36.908091 2 41
13001 0.000913 37.222829 2 41
14001 0.000892 37.492608 2 41
15001 0.000933 37.726418 2 41
16001 0.000900 37.931004 2 41
17001 0.000986 38.220575 2 44
18001 0.000898 38.541637 2 44
19001 0.000891 38.828904 2 44
20001 0.000896 39.087446 2 44
21001 0.000902 39.321366 2 44
22001 0.000895 39.534021 2 44
23001 0.000900 39.728186 2 44
24001 0.000899 39.906171 2 44
25001 0.000916 40.069917 2 44
26001 0.000903 40.221068 2 44
27001 0.000918 40.361024 2 44
28001 0.000899 40.490982 2 44
29001 0.000892 40.611979 2 44
30001 0.000896 40.724909 2 44
31001 0.000892 40.830554 2 44
32001 0.000893 40.929596 2 44
33001 0.000906 41.043908 2 47
34001 0.000894 41.219082 2 47
35001 0.000894 41.384246 2 47
36001 0.000902 41.540235 2 47
37001 0.000902 41.687792 2 47
38001 0.000894 41.827583 2 47
39001 0.000898 41.960206 2 47
40001 0.000973 42.086198 2 47
41001 0.000941 42.206044 2 47
42001 0.000903 42.320183 2 47
43001 0.000902 42.429013 2 47
44001 0.000903 42.532897 2 47
45001 0.000905 42.632164 2 47
46001 0.000898 42.727115 2 47
47001 0.000905 42.818025 2 47
48001 0.000900 42.905148 2 47
49001 0.000900 42.988715 2 47
50001 0.000901 43.068939 2 47
51001 0.000953 43.146017 2 47
52001 0.000905 43.220130 2 47
53001 0.000900 43.291447 2 47
54001 0.000906 43.360123 2 47
55001 0.000925 43.426301 2 47
56001 0.001014 43.490116 2 47
57001 0.000910 43.551692 2 47
58001 0.000904 43.611145 2 47
59001 0.000911 43.668582 2 47
60001 0.000901 43.724105 2 47
61001 0.000946 43.777807 2 47
62001 0.000896 43.829777 2 47
63001 0.000896 43.880097 2 47
64001 0.000905 43.928845 2 47
65001 0.000897 43.976093 2 47
66001 0.000896 44.043090 2 50
67001 0.000901 44.131998 2 50
68001 0.000899 44.218291 2 50
69001 0.000901 44.302083 2 50
70001 0.000905 44.383480 2 50
71001 0.000904 44.462585 2 50
72001 0.000901 44.539493 2 50
73001 0.000913 44.614293 2 50
74001 0.000909 44.687072 2 50
75001 0.000916 44.757910 2 50
76001 0.000922 44.826884 2 50
77001 0.000903 44.894066 2 50
78001 0.000905 44.959526 2 50
79001 0.000900 45.023329 2 50
80001 0.000907 45.085536 2 50
81001 0.000909 45.146208 2 50
82001 0.000935 45.205400 2 50
83001 0.000923 45.263166 2 50
84001 0.000909 45.319556 2 50
85001 0.000929 45.374619 2 50
86001 0.000902 45.428402 2 50
87001 0.000909 45.480948 2 50
88001 0.000904 45.532301 2 50
89001 0.000902 45.582499 2 50
90001 0.000922 45.631582 2 50
91001 0.000918 45.679586 2 50
92001 0.000957 45.726546 2 50
93001 0.000912 45.772497 2 50
94001 0.000917 45.817470 2 50
95001 0.000912 45.861496 2 50
96001 0.000902 45.904605 2 50
97001 0.000909 45.946825 2 50
98001 0.000908 45.988184 2 50
99001 0.000905 46.028707 2 50
100001 0.000903 46.068419 2 50
101001 0.000931 46.107345 2 50
102001 0.000906 46.145508 2 50
103001 0.000904 46.182930 2 50
104001 0.000909 46.219633 2 50
105001 0.000914 46.255636 2 50
106001 0.000920 46.290960 2 50
107001 0.000925 46.325623 2 50
108001 0.000913 46.359645 2 50
109001 0.000914 46.393042 2 50
110001 0.000916 46.425832 2 50
111001 0.000906 46.458032 2 50
112001 0.000935 46.489656 2 50
113001 0.000945 46.520721 2 50
114001 0.000928 46.551241 2 50
115001 0.000966 46.581230 2 50
116001 0.000923 46.610702 2 50
117001 0.000909 46.639670 2 50
118001 0.000938 46.668147 2 50
119001 0.000934 46.696145 2 50
120001 0.000919 46.723677 2 50
121001 0.000919 46.750754 2 50
122001 0.000905 46.777387 2 50
123001 0.000902 46.803587 2 50
124001 0.000907 46.829364 2 50
125001 0.000907 46.854729 2 50
126001 0.000905 46.879691 2 50
127001 0.000915 46.904261 2 50
128001 0.000928 46.928446 2 50
129001 0.000932 46.952256 2 50
130001 0.000904 46.975700 2 50
131001 0.000918 46.998786 2 50
132001 0.000934 47.042659 2 53
133001 0.000940 47.087450 2 53
134001 0.000964 47.131574 2 53
135001 0.000920 47.175043 2 53
136001 0.000928 47.217873 2 53
137001 0.000916 47.260078 2 53
138001 0.000916 47.301672 2 53
139001 0.000916 47.342667 2 53
140001 0.000907 47.383076 2 53
141001 0.000934 47.422912 2 53
142001 0.000937 47.462187 2 53
143001 0.000948 47.500913 2 53
144001 0.000908 47.539100 2 53
145001 0.000922 47.576762 2 53
146001 0.000920 47.613907 2 53
147001 0.000913 47.650547 2 53
148001 0.000911 47.686691 2 53
149001 0.000939 47.722351 2 53
