1000 0.000904 25.961000 2 29
1200 0.000893 26.910000 2 32
1400 0.000891 27.637143 2 32
1600 0.000891 28.182500 2 32
1800 0.000893 28.606667 2 32
2000 0.000891 28.946000 2 32
2200 0.000895 29.432273 2 35
2400 0.000909 29.896250 2 35
2600 0.000902 30.288846 2 35
2800 0.000905 30.625357 2 35
3000 0.000904 30.917000 2 35
3200 0.000906 31.172187 2 35
3400 0.000897 31.397353 2 35
3600 0.000900 31.597500 2 35
3800 0.000905 31.776579 2 35
4000 0.000896 31.937750 2 35
4200 0.000902 32.158571 2 38
4400 0.000903 32.424091 2 38
4600 0.000913 32.666522 2 38
4800 0.000916 32.888750 2 38
5000 0.000914 33.093200 2 38
5200 0.000909 33.281923 2 38
5400 0.000912 33.456667 2 38
5600 0.000912 33.618929 2 38
5800 0.000912 33.770000 2 38
6000 0.000910 33.911000 2 38
6200 0.000904 34.042903 2 38
6400 0.000904 34.166562 2 38
6600 0.000906 34.282727 2 38
6800 0.000906 34.392059 2 38
7000 0.000910 34.495143 2 38
7200 0.000908 34.592500 2 38
7400 0.000901 34.684595 2 38
7600 0.000905 34.771842 2 38
7800 0.000907 34.854615 2 38
8000 0.000902 34.933250 2 38
8200 0.000907 35.011341 2 41
8400 0.000908 35.153929 2 41
8600 0.000904 35.289884 2 41
8800 0.000910 35.419659 2 41
9000 0.000907 35.543667 2 41
9200 0.000933 35.662283 2 41
9400 0.000915 35.775851 2 41
9600 0.000912 35.884687 2 41
9800 0.000912 35.989082 2 41
