10000 0.000823 1.000000 1 1
15000 0.000814 1.000000 1 1
20000 0.000811 1.000000 1 1
25000 0.000883 1.000000 1 1
30000 0.000834 1.000000 1 1
35000 0.000821 1.000000 1 1
40000 0.000842 1.000000 1 1
45000 0.000817 1.000000 1 1
50000 0.000832 1.000000 1 1
55000 0.000824 1.000000 1 1
60000 0.000825 1.000000 1 1
65000 0.000827 1.000000 1 1
70000 0.000815 1.000000 1 1
75000 0.000823 1.000000 1 1
80000 0.000837 1.000000 1 1
85000 0.000845 1.000000 1 1
90000 0.000829 1.000000 1 1
95000 0.000819 1.000000 1 1
100000 0.000829 1.000000 1 1
105000 0.000820 1.000000 1 1
110000 0.000826 1.000000 1 1
115000 0.000817 1.000000 1 1
120000 0.000826 1.000000 1 1
125000 0.000828 1.000000 1 1
130000 0.000820 1.000000 1 1
135000 0.000816 1.000000 1 1
140000 0.000814 1.000000 1 1
145000 0.000839 1.000000 1 1
