1000 0.000858 10.008650 1 1000
1200 0.000872 11.558310 1 1200
1400 0.000869 12.433928 1 1400
1600 0.000875 12.993425 1 1600
1800 0.000884 14.862106 1 1800
2000 0.000880 15.503737 1 2000
2200 0.000905 17.220004 1 2200
2400 0.000912 17.643728 1 2400
2600 0.000915 19.272378 1 2600
2800 0.000885 20.110382 1 2800
3000 0.000884 20.668363 1 3000
3200 0.000888 21.133265 1 3200
3400 0.000890 23.770542 1 3400
3600 0.000893 22.870437 1 3600
3800 0.000900 23.924281 1 3800
4000 0.000898 26.529762 1 4000
4200 0.000900 27.553931 1 4200
4400 0.000903 28.696675 1 4400
4600 0.000897 27.594429 1 4600
4800 0.000909 31.740589 1 4800
5000 0.000907 31.488129 1 5000
5200 0.000905 31.377645 1 5200
5400 0.000913 33.001795 1 5400
5600 0.000927 35.347474 1 5600
5800 0.000932 37.425223 1 5800
6000 0.000925 36.389389 1 6000
6200 0.000925 37.604410 1 6200
6400 0.000926 38.286285 1 6400
6600 0.000924 37.713924 1 6600
6800 0.000936 41.176454 1 6799
7000 0.000934 42.745354 1 6999
7200 0.000942 45.533902 1 7200
7400 0.000932 46.052879 1 7400
7600 0.000932 43.370943 1 7600
7800 0.000942 45.990100 1 7800
8000 0.000941 47.391809 1 8000
8200 0.000943 47.542595 1 8200
8400 0.000941 47.892583 1 8400
8600 0.000953 52.697283 1 8600
8800 0.000956 51.241292 1 8800
9000 0.000968 52.178390 1 9000
9200 0.000957 54.352236 1 9200
9400 0.000960 54.136944 1 9400
9600 0.000963 55.472665 1 9600
9800 0.000968 57.018513 1 9799
